{
 "cells": [
  {
   "cell_type": "code",
   "execution_count": 1,
   "id": "b2cef63e",
   "metadata": {},
   "outputs": [],
   "source": [
    "import pandas as pd\n",
    "import seaborn as sns\n",
    "from sklearn.preprocessing import StandardScaler\n",
    "from sklearn.model_selection import train_test_split\n",
    "from sklearn.linear_model import LinearRegression,Lasso,Ridge"
   ]
  },
  {
   "cell_type": "code",
   "execution_count": 2,
   "id": "ae213840",
   "metadata": {},
   "outputs": [
    {
     "data": {
      "text/html": [
       "<div>\n",
       "<style scoped>\n",
       "    .dataframe tbody tr th:only-of-type {\n",
       "        vertical-align: middle;\n",
       "    }\n",
       "\n",
       "    .dataframe tbody tr th {\n",
       "        vertical-align: top;\n",
       "    }\n",
       "\n",
       "    .dataframe thead th {\n",
       "        text-align: right;\n",
       "    }\n",
       "</style>\n",
       "<table border=\"1\" class=\"dataframe\">\n",
       "  <thead>\n",
       "    <tr style=\"text-align: right;\">\n",
       "      <th></th>\n",
       "      <th>mobile_name</th>\n",
       "      <th>mobile_price</th>\n",
       "      <th>mobile_color</th>\n",
       "      <th>dual_sim</th>\n",
       "      <th>disp_size</th>\n",
       "      <th>resolution</th>\n",
       "      <th>os</th>\n",
       "      <th>num_cores</th>\n",
       "      <th>mp_speed</th>\n",
       "      <th>int_memory</th>\n",
       "      <th>ram</th>\n",
       "      <th>p_cam</th>\n",
       "      <th>f_cam</th>\n",
       "      <th>network</th>\n",
       "      <th>bluetooth</th>\n",
       "      <th>battery_power</th>\n",
       "      <th>mob_width</th>\n",
       "      <th>mob_height</th>\n",
       "      <th>mob_depth</th>\n",
       "      <th>mob_weight</th>\n",
       "    </tr>\n",
       "  </thead>\n",
       "  <tbody>\n",
       "    <tr>\n",
       "      <th>0</th>\n",
       "      <td>Realme Narzo 10A (So White, 32 GB)</td>\n",
       "      <td>₹8,999</td>\n",
       "      <td>So White</td>\n",
       "      <td>Dual Sim</td>\n",
       "      <td>16.56 cm (6.52 inch)</td>\n",
       "      <td>1600 x 720 Pixels</td>\n",
       "      <td>Android 10</td>\n",
       "      <td>Octa Core</td>\n",
       "      <td>2 GHz</td>\n",
       "      <td>32 GB</td>\n",
       "      <td>3 GB</td>\n",
       "      <td>12MP + 2MP + 2MP</td>\n",
       "      <td>5MP Front Camera</td>\n",
       "      <td>4G VOLTE, 4G, 3G, 2G</td>\n",
       "      <td>Yes</td>\n",
       "      <td>5000 mAh</td>\n",
       "      <td>75 mm</td>\n",
       "      <td>164.4 mm</td>\n",
       "      <td>8.95 mm</td>\n",
       "      <td>195 g</td>\n",
       "    </tr>\n",
       "    <tr>\n",
       "      <th>1</th>\n",
       "      <td>Realme Narzo 10A (So Blue, 32 GB)</td>\n",
       "      <td>₹8,999</td>\n",
       "      <td>So Blue</td>\n",
       "      <td>Dual Sim</td>\n",
       "      <td>16.56 cm (6.52 inch)</td>\n",
       "      <td>1600 x 720 Pixels</td>\n",
       "      <td>Android 10</td>\n",
       "      <td>Octa Core</td>\n",
       "      <td>2 GHz</td>\n",
       "      <td>32 GB</td>\n",
       "      <td>3 GB</td>\n",
       "      <td>12MP + 2MP + 2MP</td>\n",
       "      <td>5MP Front Camera</td>\n",
       "      <td>4G VOLTE, 4G, 3G, 2G</td>\n",
       "      <td>Yes</td>\n",
       "      <td>5000 mAh</td>\n",
       "      <td>75 mm</td>\n",
       "      <td>164.4 mm</td>\n",
       "      <td>8.95 mm</td>\n",
       "      <td>195 g</td>\n",
       "    </tr>\n",
       "    <tr>\n",
       "      <th>2</th>\n",
       "      <td>Realme Narzo 10A (So Blue, 64 GB)</td>\n",
       "      <td>₹9,999</td>\n",
       "      <td>So Blue</td>\n",
       "      <td>Dual Sim</td>\n",
       "      <td>16.56 cm (6.52 inch)</td>\n",
       "      <td>1600 x 720 Pixels</td>\n",
       "      <td>Android 10</td>\n",
       "      <td>Octa Core</td>\n",
       "      <td>2 GHz</td>\n",
       "      <td>64 GB</td>\n",
       "      <td>4 GB</td>\n",
       "      <td>12MP + 2MP + 2MP</td>\n",
       "      <td>5MP Front Camera</td>\n",
       "      <td>4G VOLTE, 4G, 3G, 2G</td>\n",
       "      <td>Yes</td>\n",
       "      <td>5000 mAh</td>\n",
       "      <td>75 mm</td>\n",
       "      <td>164.4 mm</td>\n",
       "      <td>8.95 mm</td>\n",
       "      <td>195 g</td>\n",
       "    </tr>\n",
       "    <tr>\n",
       "      <th>3</th>\n",
       "      <td>Realme Narzo 10A (So White, 64 GB)</td>\n",
       "      <td>₹9,999</td>\n",
       "      <td>So White</td>\n",
       "      <td>Dual Sim</td>\n",
       "      <td>16.56 cm (6.52 inch)</td>\n",
       "      <td>1600 x 720 Pixels</td>\n",
       "      <td>Android 10</td>\n",
       "      <td>Octa Core</td>\n",
       "      <td>2 GHz</td>\n",
       "      <td>64 GB</td>\n",
       "      <td>4 GB</td>\n",
       "      <td>12MP + 2MP + 2MP</td>\n",
       "      <td>5MP Front Camera</td>\n",
       "      <td>4G VOLTE, 4G, 3G, 2G</td>\n",
       "      <td>Yes</td>\n",
       "      <td>5000 mAh</td>\n",
       "      <td>75 mm</td>\n",
       "      <td>164.4 mm</td>\n",
       "      <td>8.95 mm</td>\n",
       "      <td>195 g</td>\n",
       "    </tr>\n",
       "    <tr>\n",
       "      <th>4</th>\n",
       "      <td>Realme Narzo 10 (That Green, 128 GB)</td>\n",
       "      <td>₹11,999</td>\n",
       "      <td>That Green</td>\n",
       "      <td>Dual Sim</td>\n",
       "      <td>16.51 cm (6.5 inch)</td>\n",
       "      <td>1600 x 720 Pixels</td>\n",
       "      <td>Android 10</td>\n",
       "      <td>Octa Core</td>\n",
       "      <td>2 GHz</td>\n",
       "      <td>128 GB</td>\n",
       "      <td>4 GB</td>\n",
       "      <td>48MP + 8MP + 2MP + 2MP</td>\n",
       "      <td>16MP Front Camera</td>\n",
       "      <td>4G VOLTE, 4G, 3G, 2G</td>\n",
       "      <td>Yes</td>\n",
       "      <td>5000 mAh</td>\n",
       "      <td>75.4 mm</td>\n",
       "      <td>164.4 mm</td>\n",
       "      <td>9 mm</td>\n",
       "      <td>199 g</td>\n",
       "    </tr>\n",
       "  </tbody>\n",
       "</table>\n",
       "</div>"
      ],
      "text/plain": [
       "                            mobile_name mobile_price mobile_color  dual_sim  \\\n",
       "0    Realme Narzo 10A (So White, 32 GB)       ₹8,999     So White  Dual Sim   \n",
       "1     Realme Narzo 10A (So Blue, 32 GB)       ₹8,999      So Blue  Dual Sim   \n",
       "2     Realme Narzo 10A (So Blue, 64 GB)       ₹9,999      So Blue  Dual Sim   \n",
       "3    Realme Narzo 10A (So White, 64 GB)       ₹9,999     So White  Dual Sim   \n",
       "4  Realme Narzo 10 (That Green, 128 GB)      ₹11,999   That Green  Dual Sim   \n",
       "\n",
       "              disp_size         resolution          os  num_cores mp_speed  \\\n",
       "0  16.56 cm (6.52 inch)  1600 x 720 Pixels  Android 10  Octa Core    2 GHz   \n",
       "1  16.56 cm (6.52 inch)  1600 x 720 Pixels  Android 10  Octa Core    2 GHz   \n",
       "2  16.56 cm (6.52 inch)  1600 x 720 Pixels  Android 10  Octa Core    2 GHz   \n",
       "3  16.56 cm (6.52 inch)  1600 x 720 Pixels  Android 10  Octa Core    2 GHz   \n",
       "4   16.51 cm (6.5 inch)  1600 x 720 Pixels  Android 10  Octa Core    2 GHz   \n",
       "\n",
       "  int_memory   ram                   p_cam              f_cam  \\\n",
       "0      32 GB  3 GB        12MP + 2MP + 2MP   5MP Front Camera   \n",
       "1      32 GB  3 GB        12MP + 2MP + 2MP   5MP Front Camera   \n",
       "2      64 GB  4 GB        12MP + 2MP + 2MP   5MP Front Camera   \n",
       "3      64 GB  4 GB        12MP + 2MP + 2MP   5MP Front Camera   \n",
       "4     128 GB  4 GB  48MP + 8MP + 2MP + 2MP  16MP Front Camera   \n",
       "\n",
       "                network bluetooth battery_power mob_width mob_height  \\\n",
       "0  4G VOLTE, 4G, 3G, 2G       Yes      5000 mAh     75 mm   164.4 mm   \n",
       "1  4G VOLTE, 4G, 3G, 2G       Yes      5000 mAh     75 mm   164.4 mm   \n",
       "2  4G VOLTE, 4G, 3G, 2G       Yes      5000 mAh     75 mm   164.4 mm   \n",
       "3  4G VOLTE, 4G, 3G, 2G       Yes      5000 mAh     75 mm   164.4 mm   \n",
       "4  4G VOLTE, 4G, 3G, 2G       Yes      5000 mAh   75.4 mm   164.4 mm   \n",
       "\n",
       "  mob_depth mob_weight  \n",
       "0   8.95 mm      195 g  \n",
       "1   8.95 mm      195 g  \n",
       "2   8.95 mm      195 g  \n",
       "3   8.95 mm      195 g  \n",
       "4      9 mm      199 g  "
      ]
     },
     "execution_count": 2,
     "metadata": {},
     "output_type": "execute_result"
    }
   ],
   "source": [
    "dataframe = pd.read_csv('mobile_price_data.csv')\n",
    "dataframe.head()"
   ]
  },
  {
   "cell_type": "code",
   "execution_count": 3,
   "id": "2b091018",
   "metadata": {},
   "outputs": [],
   "source": [
    "dataframe.drop_duplicates(inplace=True)"
   ]
  },
  {
   "cell_type": "code",
   "execution_count": 4,
   "id": "a858fda7",
   "metadata": {},
   "outputs": [
    {
     "name": "stdout",
     "output_type": "stream",
     "text": [
      "<class 'pandas.core.frame.DataFrame'>\n",
      "Int64Index: 406 entries, 0 to 447\n",
      "Data columns (total 20 columns):\n",
      " #   Column         Non-Null Count  Dtype \n",
      "---  ------         --------------  ----- \n",
      " 0   mobile_name    406 non-null    object\n",
      " 1   mobile_price   406 non-null    object\n",
      " 2   mobile_color   406 non-null    object\n",
      " 3   dual_sim       406 non-null    object\n",
      " 4   disp_size      406 non-null    object\n",
      " 5   resolution     406 non-null    object\n",
      " 6   os             406 non-null    object\n",
      " 7   num_cores      406 non-null    object\n",
      " 8   mp_speed       406 non-null    object\n",
      " 9   int_memory     406 non-null    object\n",
      " 10  ram            406 non-null    object\n",
      " 11  p_cam          406 non-null    object\n",
      " 12  f_cam          406 non-null    object\n",
      " 13  network        406 non-null    object\n",
      " 14  bluetooth      406 non-null    object\n",
      " 15  battery_power  406 non-null    object\n",
      " 16  mob_width      406 non-null    object\n",
      " 17  mob_height     406 non-null    object\n",
      " 18  mob_depth      406 non-null    object\n",
      " 19  mob_weight     406 non-null    object\n",
      "dtypes: object(20)\n",
      "memory usage: 66.6+ KB\n"
     ]
    }
   ],
   "source": [
    "dataframe.info()"
   ]
  },
  {
   "cell_type": "code",
   "execution_count": 5,
   "id": "5a1fd8ea",
   "metadata": {},
   "outputs": [
    {
     "data": {
      "text/plain": [
       "Index(['mobile_name', 'mobile_price', 'mobile_color', 'dual_sim', 'disp_size',\n",
       "       'resolution', 'os', 'num_cores', 'mp_speed', 'int_memory', 'ram',\n",
       "       'p_cam', 'f_cam', 'network', 'bluetooth', 'battery_power', 'mob_width',\n",
       "       'mob_height', 'mob_depth', 'mob_weight'],\n",
       "      dtype='object')"
      ]
     },
     "execution_count": 5,
     "metadata": {},
     "output_type": "execute_result"
    }
   ],
   "source": [
    "dataframe.columns"
   ]
  },
  {
   "cell_type": "code",
   "execution_count": 6,
   "id": "629c6a6f",
   "metadata": {},
   "outputs": [],
   "source": [
    "dataframe.drop(['mobile_name','mobile_color','bluetooth'],axis=1,inplace = True)"
   ]
  },
  {
   "cell_type": "code",
   "execution_count": 7,
   "id": "7414a6a3",
   "metadata": {},
   "outputs": [],
   "source": [
    "def numericize(dataframe,col):\n",
    "    return pd.to_numeric(dataframe[col].str.replace('[a-zA-Z]','',regex=True))\n",
    "dataframe['mp_speed'] = numericize(dataframe,'mp_speed')\n",
    "dataframe['int_memory'] = numericize(dataframe,'int_memory')\n",
    "dataframe['ram'] = numericize(dataframe,'ram')\n",
    "dataframe['battery_power'] = numericize(dataframe,'battery_power')\n",
    "dataframe['mob_width'] = numericize(dataframe,'mob_width')\n",
    "dataframe['mob_height'] = numericize(dataframe,'mob_height')\n",
    "dataframe['mob_depth'] = numericize(dataframe,'mob_depth')\n",
    "dataframe['mob_weight'] = numericize(dataframe,'mob_weight')\n",
    "dataframe['mobile_price'] = dataframe['mobile_price'].replace('\\D', '', regex=True).astype(int)"
   ]
  },
  {
   "cell_type": "code",
   "execution_count": 8,
   "id": "a9413d2a",
   "metadata": {},
   "outputs": [],
   "source": [
    "import numpy as np\n",
    "from sklearn.preprocessing import LabelEncoder\n",
    "le = LabelEncoder()\n",
    "for col in dataframe.select_dtypes(exclude = np.number):\n",
    "    dataframe[col] = le.fit_transform(dataframe[col])"
   ]
  },
  {
   "cell_type": "code",
   "execution_count": 9,
   "id": "63e035ef",
   "metadata": {},
   "outputs": [
    {
     "data": {
      "text/html": [
       "<div>\n",
       "<style scoped>\n",
       "    .dataframe tbody tr th:only-of-type {\n",
       "        vertical-align: middle;\n",
       "    }\n",
       "\n",
       "    .dataframe tbody tr th {\n",
       "        vertical-align: top;\n",
       "    }\n",
       "\n",
       "    .dataframe thead th {\n",
       "        text-align: right;\n",
       "    }\n",
       "</style>\n",
       "<table border=\"1\" class=\"dataframe\">\n",
       "  <thead>\n",
       "    <tr style=\"text-align: right;\">\n",
       "      <th></th>\n",
       "      <th>mobile_price</th>\n",
       "      <th>dual_sim</th>\n",
       "      <th>disp_size</th>\n",
       "      <th>resolution</th>\n",
       "      <th>os</th>\n",
       "      <th>num_cores</th>\n",
       "      <th>mp_speed</th>\n",
       "      <th>int_memory</th>\n",
       "      <th>ram</th>\n",
       "      <th>p_cam</th>\n",
       "      <th>f_cam</th>\n",
       "      <th>network</th>\n",
       "      <th>battery_power</th>\n",
       "      <th>mob_width</th>\n",
       "      <th>mob_height</th>\n",
       "      <th>mob_depth</th>\n",
       "      <th>mob_weight</th>\n",
       "    </tr>\n",
       "  </thead>\n",
       "  <tbody>\n",
       "    <tr>\n",
       "      <th>mobile_price</th>\n",
       "      <td>1.000000</td>\n",
       "      <td>-0.015311</td>\n",
       "      <td>0.405834</td>\n",
       "      <td>0.179154</td>\n",
       "      <td>-0.145818</td>\n",
       "      <td>-0.119140</td>\n",
       "      <td>0.605886</td>\n",
       "      <td>0.763518</td>\n",
       "      <td>0.767308</td>\n",
       "      <td>0.312339</td>\n",
       "      <td>-0.163709</td>\n",
       "      <td>0.140214</td>\n",
       "      <td>-0.007744</td>\n",
       "      <td>0.084071</td>\n",
       "      <td>0.087873</td>\n",
       "      <td>-0.120982</td>\n",
       "      <td>0.385553</td>\n",
       "    </tr>\n",
       "    <tr>\n",
       "      <th>dual_sim</th>\n",
       "      <td>-0.015311</td>\n",
       "      <td>1.000000</td>\n",
       "      <td>-0.109230</td>\n",
       "      <td>-0.009857</td>\n",
       "      <td>-0.089523</td>\n",
       "      <td>0.245408</td>\n",
       "      <td>0.025110</td>\n",
       "      <td>-0.054644</td>\n",
       "      <td>-0.069951</td>\n",
       "      <td>-0.025031</td>\n",
       "      <td>0.011499</td>\n",
       "      <td>-0.088787</td>\n",
       "      <td>-0.092267</td>\n",
       "      <td>-0.001749</td>\n",
       "      <td>-0.052860</td>\n",
       "      <td>-0.010758</td>\n",
       "      <td>-0.101577</td>\n",
       "    </tr>\n",
       "    <tr>\n",
       "      <th>disp_size</th>\n",
       "      <td>0.405834</td>\n",
       "      <td>-0.109230</td>\n",
       "      <td>1.000000</td>\n",
       "      <td>0.443661</td>\n",
       "      <td>-0.177461</td>\n",
       "      <td>-0.290614</td>\n",
       "      <td>0.453241</td>\n",
       "      <td>0.457805</td>\n",
       "      <td>0.490281</td>\n",
       "      <td>0.494820</td>\n",
       "      <td>-0.193719</td>\n",
       "      <td>0.521894</td>\n",
       "      <td>0.594415</td>\n",
       "      <td>-0.018000</td>\n",
       "      <td>0.363951</td>\n",
       "      <td>-0.018065</td>\n",
       "      <td>0.760431</td>\n",
       "    </tr>\n",
       "    <tr>\n",
       "      <th>resolution</th>\n",
       "      <td>0.179154</td>\n",
       "      <td>-0.009857</td>\n",
       "      <td>0.443661</td>\n",
       "      <td>1.000000</td>\n",
       "      <td>-0.078747</td>\n",
       "      <td>-0.065641</td>\n",
       "      <td>0.196843</td>\n",
       "      <td>0.189762</td>\n",
       "      <td>0.279424</td>\n",
       "      <td>0.314721</td>\n",
       "      <td>-0.268641</td>\n",
       "      <td>0.129417</td>\n",
       "      <td>0.248662</td>\n",
       "      <td>0.018231</td>\n",
       "      <td>0.082970</td>\n",
       "      <td>0.003707</td>\n",
       "      <td>0.385676</td>\n",
       "    </tr>\n",
       "    <tr>\n",
       "      <th>os</th>\n",
       "      <td>-0.145818</td>\n",
       "      <td>-0.089523</td>\n",
       "      <td>-0.177461</td>\n",
       "      <td>-0.078747</td>\n",
       "      <td>1.000000</td>\n",
       "      <td>-0.085979</td>\n",
       "      <td>-0.033671</td>\n",
       "      <td>-0.146241</td>\n",
       "      <td>-0.182480</td>\n",
       "      <td>-0.221424</td>\n",
       "      <td>0.093296</td>\n",
       "      <td>-0.420747</td>\n",
       "      <td>-0.082372</td>\n",
       "      <td>-0.141464</td>\n",
       "      <td>-0.040158</td>\n",
       "      <td>0.095917</td>\n",
       "      <td>-0.170120</td>\n",
       "    </tr>\n",
       "    <tr>\n",
       "      <th>num_cores</th>\n",
       "      <td>-0.119140</td>\n",
       "      <td>0.245408</td>\n",
       "      <td>-0.290614</td>\n",
       "      <td>-0.065641</td>\n",
       "      <td>-0.085979</td>\n",
       "      <td>1.000000</td>\n",
       "      <td>-0.305592</td>\n",
       "      <td>-0.183264</td>\n",
       "      <td>-0.205943</td>\n",
       "      <td>0.023970</td>\n",
       "      <td>0.125163</td>\n",
       "      <td>-0.109915</td>\n",
       "      <td>-0.335435</td>\n",
       "      <td>0.141367</td>\n",
       "      <td>-0.386104</td>\n",
       "      <td>0.086161</td>\n",
       "      <td>-0.336802</td>\n",
       "    </tr>\n",
       "    <tr>\n",
       "      <th>mp_speed</th>\n",
       "      <td>0.605886</td>\n",
       "      <td>0.025110</td>\n",
       "      <td>0.453241</td>\n",
       "      <td>0.196843</td>\n",
       "      <td>-0.033671</td>\n",
       "      <td>-0.305592</td>\n",
       "      <td>1.000000</td>\n",
       "      <td>0.572689</td>\n",
       "      <td>0.582441</td>\n",
       "      <td>0.244018</td>\n",
       "      <td>-0.141041</td>\n",
       "      <td>0.106689</td>\n",
       "      <td>0.191224</td>\n",
       "      <td>0.001427</td>\n",
       "      <td>0.186679</td>\n",
       "      <td>-0.048959</td>\n",
       "      <td>0.535611</td>\n",
       "    </tr>\n",
       "    <tr>\n",
       "      <th>int_memory</th>\n",
       "      <td>0.763518</td>\n",
       "      <td>-0.054644</td>\n",
       "      <td>0.457805</td>\n",
       "      <td>0.189762</td>\n",
       "      <td>-0.146241</td>\n",
       "      <td>-0.183264</td>\n",
       "      <td>0.572689</td>\n",
       "      <td>1.000000</td>\n",
       "      <td>0.785240</td>\n",
       "      <td>0.362448</td>\n",
       "      <td>-0.224600</td>\n",
       "      <td>0.202898</td>\n",
       "      <td>0.159605</td>\n",
       "      <td>0.046594</td>\n",
       "      <td>0.142044</td>\n",
       "      <td>-0.078864</td>\n",
       "      <td>0.474162</td>\n",
       "    </tr>\n",
       "    <tr>\n",
       "      <th>ram</th>\n",
       "      <td>0.767308</td>\n",
       "      <td>-0.069951</td>\n",
       "      <td>0.490281</td>\n",
       "      <td>0.279424</td>\n",
       "      <td>-0.182480</td>\n",
       "      <td>-0.205943</td>\n",
       "      <td>0.582441</td>\n",
       "      <td>0.785240</td>\n",
       "      <td>1.000000</td>\n",
       "      <td>0.449390</td>\n",
       "      <td>-0.280897</td>\n",
       "      <td>0.242848</td>\n",
       "      <td>0.107400</td>\n",
       "      <td>0.051346</td>\n",
       "      <td>0.197621</td>\n",
       "      <td>-0.126678</td>\n",
       "      <td>0.511347</td>\n",
       "    </tr>\n",
       "    <tr>\n",
       "      <th>p_cam</th>\n",
       "      <td>0.312339</td>\n",
       "      <td>-0.025031</td>\n",
       "      <td>0.494820</td>\n",
       "      <td>0.314721</td>\n",
       "      <td>-0.221424</td>\n",
       "      <td>0.023970</td>\n",
       "      <td>0.244018</td>\n",
       "      <td>0.362448</td>\n",
       "      <td>0.449390</td>\n",
       "      <td>1.000000</td>\n",
       "      <td>-0.293121</td>\n",
       "      <td>0.363332</td>\n",
       "      <td>0.154028</td>\n",
       "      <td>-0.020278</td>\n",
       "      <td>0.105816</td>\n",
       "      <td>0.005461</td>\n",
       "      <td>0.424100</td>\n",
       "    </tr>\n",
       "    <tr>\n",
       "      <th>f_cam</th>\n",
       "      <td>-0.163709</td>\n",
       "      <td>0.011499</td>\n",
       "      <td>-0.193719</td>\n",
       "      <td>-0.268641</td>\n",
       "      <td>0.093296</td>\n",
       "      <td>0.125163</td>\n",
       "      <td>-0.141041</td>\n",
       "      <td>-0.224600</td>\n",
       "      <td>-0.280897</td>\n",
       "      <td>-0.293121</td>\n",
       "      <td>1.000000</td>\n",
       "      <td>0.031827</td>\n",
       "      <td>0.015323</td>\n",
       "      <td>-0.037217</td>\n",
       "      <td>-0.069096</td>\n",
       "      <td>0.026001</td>\n",
       "      <td>-0.306118</td>\n",
       "    </tr>\n",
       "    <tr>\n",
       "      <th>network</th>\n",
       "      <td>0.140214</td>\n",
       "      <td>-0.088787</td>\n",
       "      <td>0.521894</td>\n",
       "      <td>0.129417</td>\n",
       "      <td>-0.420747</td>\n",
       "      <td>-0.109915</td>\n",
       "      <td>0.106689</td>\n",
       "      <td>0.202898</td>\n",
       "      <td>0.242848</td>\n",
       "      <td>0.363332</td>\n",
       "      <td>0.031827</td>\n",
       "      <td>1.000000</td>\n",
       "      <td>0.400410</td>\n",
       "      <td>-0.061474</td>\n",
       "      <td>0.225797</td>\n",
       "      <td>0.026814</td>\n",
       "      <td>0.370372</td>\n",
       "    </tr>\n",
       "    <tr>\n",
       "      <th>battery_power</th>\n",
       "      <td>-0.007744</td>\n",
       "      <td>-0.092267</td>\n",
       "      <td>0.594415</td>\n",
       "      <td>0.248662</td>\n",
       "      <td>-0.082372</td>\n",
       "      <td>-0.335435</td>\n",
       "      <td>0.191224</td>\n",
       "      <td>0.159605</td>\n",
       "      <td>0.107400</td>\n",
       "      <td>0.154028</td>\n",
       "      <td>0.015323</td>\n",
       "      <td>0.400410</td>\n",
       "      <td>1.000000</td>\n",
       "      <td>-0.114446</td>\n",
       "      <td>0.253254</td>\n",
       "      <td>0.180627</td>\n",
       "      <td>0.678245</td>\n",
       "    </tr>\n",
       "    <tr>\n",
       "      <th>mob_width</th>\n",
       "      <td>0.084071</td>\n",
       "      <td>-0.001749</td>\n",
       "      <td>-0.018000</td>\n",
       "      <td>0.018231</td>\n",
       "      <td>-0.141464</td>\n",
       "      <td>0.141367</td>\n",
       "      <td>0.001427</td>\n",
       "      <td>0.046594</td>\n",
       "      <td>0.051346</td>\n",
       "      <td>-0.020278</td>\n",
       "      <td>-0.037217</td>\n",
       "      <td>-0.061474</td>\n",
       "      <td>-0.114446</td>\n",
       "      <td>1.000000</td>\n",
       "      <td>-0.578303</td>\n",
       "      <td>-0.624813</td>\n",
       "      <td>-0.040386</td>\n",
       "    </tr>\n",
       "    <tr>\n",
       "      <th>mob_height</th>\n",
       "      <td>0.087873</td>\n",
       "      <td>-0.052860</td>\n",
       "      <td>0.363951</td>\n",
       "      <td>0.082970</td>\n",
       "      <td>-0.040158</td>\n",
       "      <td>-0.386104</td>\n",
       "      <td>0.186679</td>\n",
       "      <td>0.142044</td>\n",
       "      <td>0.197621</td>\n",
       "      <td>0.105816</td>\n",
       "      <td>-0.069096</td>\n",
       "      <td>0.225797</td>\n",
       "      <td>0.253254</td>\n",
       "      <td>-0.578303</td>\n",
       "      <td>1.000000</td>\n",
       "      <td>-0.149765</td>\n",
       "      <td>0.320383</td>\n",
       "    </tr>\n",
       "    <tr>\n",
       "      <th>mob_depth</th>\n",
       "      <td>-0.120982</td>\n",
       "      <td>-0.010758</td>\n",
       "      <td>-0.018065</td>\n",
       "      <td>0.003707</td>\n",
       "      <td>0.095917</td>\n",
       "      <td>0.086161</td>\n",
       "      <td>-0.048959</td>\n",
       "      <td>-0.078864</td>\n",
       "      <td>-0.126678</td>\n",
       "      <td>0.005461</td>\n",
       "      <td>0.026001</td>\n",
       "      <td>0.026814</td>\n",
       "      <td>0.180627</td>\n",
       "      <td>-0.624813</td>\n",
       "      <td>-0.149765</td>\n",
       "      <td>1.000000</td>\n",
       "      <td>0.079950</td>\n",
       "    </tr>\n",
       "    <tr>\n",
       "      <th>mob_weight</th>\n",
       "      <td>0.385553</td>\n",
       "      <td>-0.101577</td>\n",
       "      <td>0.760431</td>\n",
       "      <td>0.385676</td>\n",
       "      <td>-0.170120</td>\n",
       "      <td>-0.336802</td>\n",
       "      <td>0.535611</td>\n",
       "      <td>0.474162</td>\n",
       "      <td>0.511347</td>\n",
       "      <td>0.424100</td>\n",
       "      <td>-0.306118</td>\n",
       "      <td>0.370372</td>\n",
       "      <td>0.678245</td>\n",
       "      <td>-0.040386</td>\n",
       "      <td>0.320383</td>\n",
       "      <td>0.079950</td>\n",
       "      <td>1.000000</td>\n",
       "    </tr>\n",
       "  </tbody>\n",
       "</table>\n",
       "</div>"
      ],
      "text/plain": [
       "               mobile_price  dual_sim  disp_size  resolution        os  \\\n",
       "mobile_price       1.000000 -0.015311   0.405834    0.179154 -0.145818   \n",
       "dual_sim          -0.015311  1.000000  -0.109230   -0.009857 -0.089523   \n",
       "disp_size          0.405834 -0.109230   1.000000    0.443661 -0.177461   \n",
       "resolution         0.179154 -0.009857   0.443661    1.000000 -0.078747   \n",
       "os                -0.145818 -0.089523  -0.177461   -0.078747  1.000000   \n",
       "num_cores         -0.119140  0.245408  -0.290614   -0.065641 -0.085979   \n",
       "mp_speed           0.605886  0.025110   0.453241    0.196843 -0.033671   \n",
       "int_memory         0.763518 -0.054644   0.457805    0.189762 -0.146241   \n",
       "ram                0.767308 -0.069951   0.490281    0.279424 -0.182480   \n",
       "p_cam              0.312339 -0.025031   0.494820    0.314721 -0.221424   \n",
       "f_cam             -0.163709  0.011499  -0.193719   -0.268641  0.093296   \n",
       "network            0.140214 -0.088787   0.521894    0.129417 -0.420747   \n",
       "battery_power     -0.007744 -0.092267   0.594415    0.248662 -0.082372   \n",
       "mob_width          0.084071 -0.001749  -0.018000    0.018231 -0.141464   \n",
       "mob_height         0.087873 -0.052860   0.363951    0.082970 -0.040158   \n",
       "mob_depth         -0.120982 -0.010758  -0.018065    0.003707  0.095917   \n",
       "mob_weight         0.385553 -0.101577   0.760431    0.385676 -0.170120   \n",
       "\n",
       "               num_cores  mp_speed  int_memory       ram     p_cam     f_cam  \\\n",
       "mobile_price   -0.119140  0.605886    0.763518  0.767308  0.312339 -0.163709   \n",
       "dual_sim        0.245408  0.025110   -0.054644 -0.069951 -0.025031  0.011499   \n",
       "disp_size      -0.290614  0.453241    0.457805  0.490281  0.494820 -0.193719   \n",
       "resolution     -0.065641  0.196843    0.189762  0.279424  0.314721 -0.268641   \n",
       "os             -0.085979 -0.033671   -0.146241 -0.182480 -0.221424  0.093296   \n",
       "num_cores       1.000000 -0.305592   -0.183264 -0.205943  0.023970  0.125163   \n",
       "mp_speed       -0.305592  1.000000    0.572689  0.582441  0.244018 -0.141041   \n",
       "int_memory     -0.183264  0.572689    1.000000  0.785240  0.362448 -0.224600   \n",
       "ram            -0.205943  0.582441    0.785240  1.000000  0.449390 -0.280897   \n",
       "p_cam           0.023970  0.244018    0.362448  0.449390  1.000000 -0.293121   \n",
       "f_cam           0.125163 -0.141041   -0.224600 -0.280897 -0.293121  1.000000   \n",
       "network        -0.109915  0.106689    0.202898  0.242848  0.363332  0.031827   \n",
       "battery_power  -0.335435  0.191224    0.159605  0.107400  0.154028  0.015323   \n",
       "mob_width       0.141367  0.001427    0.046594  0.051346 -0.020278 -0.037217   \n",
       "mob_height     -0.386104  0.186679    0.142044  0.197621  0.105816 -0.069096   \n",
       "mob_depth       0.086161 -0.048959   -0.078864 -0.126678  0.005461  0.026001   \n",
       "mob_weight     -0.336802  0.535611    0.474162  0.511347  0.424100 -0.306118   \n",
       "\n",
       "                network  battery_power  mob_width  mob_height  mob_depth  \\\n",
       "mobile_price   0.140214      -0.007744   0.084071    0.087873  -0.120982   \n",
       "dual_sim      -0.088787      -0.092267  -0.001749   -0.052860  -0.010758   \n",
       "disp_size      0.521894       0.594415  -0.018000    0.363951  -0.018065   \n",
       "resolution     0.129417       0.248662   0.018231    0.082970   0.003707   \n",
       "os            -0.420747      -0.082372  -0.141464   -0.040158   0.095917   \n",
       "num_cores     -0.109915      -0.335435   0.141367   -0.386104   0.086161   \n",
       "mp_speed       0.106689       0.191224   0.001427    0.186679  -0.048959   \n",
       "int_memory     0.202898       0.159605   0.046594    0.142044  -0.078864   \n",
       "ram            0.242848       0.107400   0.051346    0.197621  -0.126678   \n",
       "p_cam          0.363332       0.154028  -0.020278    0.105816   0.005461   \n",
       "f_cam          0.031827       0.015323  -0.037217   -0.069096   0.026001   \n",
       "network        1.000000       0.400410  -0.061474    0.225797   0.026814   \n",
       "battery_power  0.400410       1.000000  -0.114446    0.253254   0.180627   \n",
       "mob_width     -0.061474      -0.114446   1.000000   -0.578303  -0.624813   \n",
       "mob_height     0.225797       0.253254  -0.578303    1.000000  -0.149765   \n",
       "mob_depth      0.026814       0.180627  -0.624813   -0.149765   1.000000   \n",
       "mob_weight     0.370372       0.678245  -0.040386    0.320383   0.079950   \n",
       "\n",
       "               mob_weight  \n",
       "mobile_price     0.385553  \n",
       "dual_sim        -0.101577  \n",
       "disp_size        0.760431  \n",
       "resolution       0.385676  \n",
       "os              -0.170120  \n",
       "num_cores       -0.336802  \n",
       "mp_speed         0.535611  \n",
       "int_memory       0.474162  \n",
       "ram              0.511347  \n",
       "p_cam            0.424100  \n",
       "f_cam           -0.306118  \n",
       "network          0.370372  \n",
       "battery_power    0.678245  \n",
       "mob_width       -0.040386  \n",
       "mob_height       0.320383  \n",
       "mob_depth        0.079950  \n",
       "mob_weight       1.000000  "
      ]
     },
     "execution_count": 9,
     "metadata": {},
     "output_type": "execute_result"
    }
   ],
   "source": [
    "dataframe.corr()"
   ]
  },
  {
   "cell_type": "code",
   "execution_count": 10,
   "id": "d909762d",
   "metadata": {},
   "outputs": [
    {
     "data": {
      "text/plain": [
       "<AxesSubplot:ylabel='mobile_price'>"
      ]
     },
     "execution_count": 10,
     "metadata": {},
     "output_type": "execute_result"
    },
    {
     "data": {
